vectors:
  vector1:
    x_pos: 26324639.619
    y_pos: -5219093.894
    z_pos: -0.875
    x_velocity: 430.272110
    y_velocity: 2169.355094
    z_velocity: 3156.244863
