vectors:
  vector1: # Chief SV
    x_pos: 5504501.979137
    y_pos: 4407131.290736
    z_pos: 614552.795663
    x_velocity: -4328.607519
    y_velocity: 4891.156801
    z_velocity: 3695.139758

  vector2: # Deputy SV
    x_pos: 5495520.274192
    y_pos: 4406811.959112
    z_pos: 616985.924735
    x_velocity: -4336.950280
    y_velocity: 4892.708101
    z_velocity: 3698.323757
