vectors:
  vector1:
    x_pos: 18988410.689
    y_pos: 5170910.062
    z_pos: -17841865.424
    x_velocity: 841.572707
    y_velocity: 3292.087758
    z_velocity: 1859.379002
